$Alaranea
            x           y         z
1 0.023192255 -0.18881769 0.1767143
2 0.033168929 -0.14200134 0.1767143
3 0.009859471 -0.02191111 0.1767143
4 0.013316123 -0.15820168 0.1767143

$Ambohima
           x           y         z
1 0.07808660 -0.45203910 0.8458633
2 0.10592011 -0.26597939 0.8458633
3 0.08992011  0.09602061 0.8458633
4 0.04010106 -0.33001842 0.8458633

$Aotearoa
            x           y         z
1 0.037602852 -0.07018757 0.2323086
2 0.050667942  0.14038282 0.2323086
3 0.012606804  0.66401626 0.2323086
4 0.001501684  0.24198785 0.2323086

$Aphonopelma
            x         y       z
1 0.560832637 -3.900451 5.04097
2 1.183847652 -3.164408 5.04097
3 0.006460882  4.911695 5.04097
4 0.273971269 -2.590342 5.04097

$Araneus
            x          y         z
1 0.001729575 -1.0192513 0.9415254
2 0.177194917 -0.7024222 0.9415254
3 0.155194917  0.3215778 0.9415254
4 0.067194917 -0.4444222 0.9415254

$Archoleptoneta
            x            y         z
1 0.004997643 -0.018124914 0.2836165
2 0.014143789  0.002253582 0.2836165
3 0.010430522  0.014242288 0.2836165
4 0.001235018  0.007865184 0.2836165

$Arkys
           x          y        z
1 0.11972639 -0.5589576 0.529308
2 0.14401602 -0.1443362 0.529308
3 0.10201602  0.2756638 0.529308
4 0.03566024 -0.4893294 0.529308

$Australomimetus
           x          y         z
1 0.03936997 -0.1724494 0.4242722
2 0.06855020  0.1306060 0.4242722
3 0.04805198  0.2332454 0.4242722
4 0.01612873 -0.1025227 0.4242722

$Calileptoneta
           x           y         z
1 0.01382029 -0.17037737 0.2066893
2 0.02421836 -0.13561004 0.2066893
3 0.01170226 -0.04286151 0.2066893
4 0.00184111 -0.12401324 0.2066893

$Castianeira
            x           y         z
1 0.006765230 -0.53809829 0.5604501
2 0.054697184 -0.46107691 0.5604501
3 0.010765230  0.07990171 0.5604501
4 0.002627453 -0.30251846 0.5604501

$Cheiracanthium
            x           y         z
1 0.008480650 -0.35715284 0.4190484
2 0.052564640 -0.35715284 0.4190484
3 0.050213494  0.06193897 0.4190484
4 0.003778357 -0.17082450 0.4190484

$Chilenodes
            x             y        z
1 0.024817931 -0.0997128257 0.380719
2 0.035082780 -0.0291954210 0.380719
3 0.011860978  0.0007996202 0.380719
4 0.005617449 -0.0538268690 0.380719

$Cycloctenidae
           x          y        z
1 0.05661517 -1.1442088 1.387588
2 0.31947236 -0.3891362 1.387588
3 0.23661517  0.1427912 1.387588
4 0.01361517 -0.8592088 1.387588

$Deinopidae
          x           y        z
1 0.1681112 -0.18899040 1.440748
2 0.3788170 -0.04694152 1.440748
3 0.1065567  0.36500022 1.440748
4 0.1539063  0.95450306 1.440748

$Dictyna
            x           y         z
1 0.028862334 -0.21263252 0.2369901
2 0.036126494 -0.18578860 0.2369901
3 0.020570982  0.05502196 0.2369901
4 0.003605645 -0.17707610 0.2369901

$Diplocephalus
            x            y         z
1 0.016535805 -0.137115024 0.2023612
2 0.036440281 -0.053924199 0.2023612
3 0.022440281 -0.007924199 0.2023612
4 0.004440281 -0.112924199 0.2023612

$Dolichognatha
           x           y         z
1 0.02430565 -0.21368989 0.5538662
2 0.04583306 -0.16256230 0.5538662
3 0.01982078  0.02221462 0.5538662
4 0.01443892 -0.14103489 0.5538662

$Dolomedes
          x          y        z
1 0.3340031 -1.0415189 2.667412
2 0.4534860 -0.6400587 2.667412
3 0.1500168  0.3815406 2.667412
4 0.1594860 -0.7840587 2.667412

$Dysdera
            x           y        z
1 0.009164863 -0.16417948 1.184152
2 0.088031124 -0.07167545 1.184152
3 0.085464047  0.93439974 1.184152
4 0.018941032  1.38285848 1.184152

$Eriauchenius
           x           y         z
1 0.02846770 -0.25931107 0.1779609
2 0.04414626 -0.16906366 0.1779609
3 0.03914626 -0.08006366 0.1779609
4 0.01014626 -0.14906366 0.1779609

$Gallieniellidae
           x           y         z
1 0.04427037 -0.01388275 0.5502762
2 0.04727037  0.16211725 0.5502762
3 0.03927037  0.55011725 0.5502762
4 0.01299718  0.04858767 0.5503762

$Gradungulidae
           x          y         z
1 0.08696885 -1.1166269 0.9709352
2 0.19018860 -0.7101109 0.9709352
3 0.05826701  0.4428891 0.9709352
4 0.01173594 -0.4540912 0.9709352

$Hersiliid
           x            y         z
1 0.02651522 -0.019665241 0.5630207
2 0.05865037  0.007586622 0.5630207
3 0.02462492  0.082883675 0.5630207
4 0.01926906  0.027592324 0.5630207

$Hickmania
           x          y        z
1 0.17982468 -0.9646996 1.400652
2 0.10874295 -0.1095867 1.400652
3 0.05555467  0.7151496 1.400652
4 0.01776119 -0.9757046 1.400652

$Hogna
          x          y        z
1 0.3479366 -1.2894863 4.051971
2 0.5960338 -0.6603585 4.051971
3 0.2713072  0.6429062 4.051971
4 0.3112878 -0.8663590 4.051971

$Hyptiotes
            x           y         z
1 0.008775990 0.009495592 0.3561557
2 0.028244372 0.081012555 0.3561557
3 0.022344863 0.117589517 0.3561557
4 0.005236284 0.075702997 0.3561557

$Kukulcania
          x           y        z
1 0.2057404 -0.01686786 1.565607
2 0.2377727  0.02959661 1.565607
3 0.2064444  0.08802921 1.565607
4 0.1687800  0.03769270 1.565607

$Latrodectus
           x           y        z
1 0.07877434 -0.31758555 1.146749
2 0.12961645 -0.11610066 1.146749
3 0.04647565  0.09318249 1.146749
4 0.06400425 -0.11350124 1.146749

$Liphistius
          x           y        z
1 0.2022851 -2.57124914 3.768495
2 1.4032953 -1.42502190 3.768495
3 1.3485123 -0.08494742 3.768495
4 0.2149273  0.84636221 3.768495

$Nesticus
            x           y         z
1 0.019922586 -0.13291616 0.3461354
2 0.037598101 -0.10921197 0.3461354
3 0.022332883 -0.03809942 0.3461354
4 0.002849645 -0.11945700 0.3461354

$Nicodamidae
           x            y         z
1 0.02447218 -0.339858181 0.7168961
2 0.07240894 -0.179244276 0.7168961
3 0.01868771  0.001105583 0.7168961
4 0.02362129 -0.176503397 0.7168961

$Novanapis
            x            y         z
1 0.006381277 -0.164162069 0.3704936
2 0.029556468 -0.005113573 0.3704936
3 0.018290750  0.058634610 0.3704936
4 0.001553112 -0.094940557 0.3704936

$Ochyroceratidae
           x          y         z
1 0.01800925 0.01118942 0.3141948
2 0.04759134 0.03872462 0.3141948
3 0.04424243 0.11993583 0.3141948
4 0.01968371 0.14449455 0.3141948

$Ommatauxisis
            x           y         z
1 0.025242959 -0.16252485 0.6543224
2 0.072003940  0.17115256 0.6543224
3 0.050866107  0.31029306 0.6543224
4 0.008245548  0.04147515 0.6543224

$Opopaea
            x          y        z
1 0.014524133 0.03286135 0.214106
2 0.016506158 0.07085017 0.214106
3 0.003292655 0.11148169 0.214106
4 0.001640967 0.03187034 0.214106

$Orchestina
           x            y         z
1 0.01846971 -0.025460606 0.1692586
2 0.01804946 -0.006213564 0.1692586
3 0.01157775 -0.007054046 0.1692586
4 0.01199799 -0.019745327 0.1692586

$Orsolobidae
            x            y         z
1 0.026585709 -0.236094698 0.1932239
2 0.038251341 -0.007448308 0.1932239
3 0.023086019  0.039214221 0.1932239
4 0.001233125 -0.045423986 0.1932239

$Orthonops
             x          y         z
1 0.0192836800 0.07257416 0.2804117
2 0.0419066835 0.10633115 0.2804117
3 0.0139066835 0.21333115 0.2804117
4 0.0001144517 0.08663336 0.2804117

$Palpimanus
           x          y         z
1 0.07738289 -0.2774526 0.7083941
2 0.12409453  0.1963076 0.7083941
3 0.03849049  0.7696821 0.7083941
4 0.01510069 -0.1605709 0.7083941

$Pararchaea
           x            y          z
1 0.01840466 -0.096181728 0.07312074
2 0.03942685 -0.086061887 0.07312074
3 0.00676118  0.006818272 0.07312074
4 0.00276118 -0.082181728 0.07312074

$Periegops
           x          y         z
1 0.12774147 -0.4503662 0.9390093
2 0.18607315 -0.0589795 0.9390093
3 0.03177645  0.1611755 0.9390093
4 0.05435645 -0.3167679 0.9390093

$Phrurotimpus
           x           y         z
1 0.02860493 -0.08233742 0.3633494
2 0.05216775 -0.08432864 0.3633494
3 0.02246322  0.04411920 0.3633494
4 0.01993702 -0.04050838 0.3633494

$Pimoa
           x           y         z
1 0.03853390 -0.40506184 0.8362879
2 0.09312615 -0.15103649 0.8362879
3 0.04853390  0.08093816 0.8362879
4 0.02507284 -0.14224288 0.8362879

$Plato
           x           y         z
1 0.03023166 -0.21030433 0.5760557
2 0.05517498 -0.08585591 0.5760557
3 0.03197518 -0.01932519 0.5760557
4 0.01897518 -0.18032519 0.5760557

$Platyoides
            x           y         z
1 0.053818461 -0.12554217 0.3247599
2 0.079080708 -0.10722704 0.3247599
3 0.035503333  0.45043704 0.3247599
4 0.002662413 -0.08512257 0.3247599

$Plectreurys
           x          y        z
1 0.01722735 -0.6248116 1.241347
2 0.04515872 -0.4594879 1.241347
3 0.02915872 -0.2984879 1.241347
4 0.01066109 -0.4369583 1.241347

$Schizocosa
           x          y        z
1 0.05562957 -0.4423489 1.287624
2 0.13493523 -0.1838125 1.287624
3 0.06435319  0.1556157 1.287624
4 0.07386987 -0.1766750 1.287624

$Sphodros
            x           y         z
1 0.090926305 -0.07061858 0.9852904
2 0.224926305  0.25138142 0.9852904
3 0.093926305  1.25438142 0.9852904
4 0.003124088  0.07005779 0.9852904

$Stegodyphus
            x          y        z
1 0.098857935 -0.7778008 1.157486
2 0.145298815  0.0854532 1.157486
3 0.066076137  0.3422439 1.157486
4 0.005976175 -0.4827646 1.157486

$Tellemidae
            x           y         z
1 0.004740784 -0.04794659 0.1760417
2 0.013307988 -0.04626124 0.1760417
3 0.013146183 -0.03620840 0.1760417
4 0.005282939 -0.03722397 0.1760417

$Thelechoris
           x          y        z
1 0.24758569 -0.3164947 1.404147
2 0.43158569 -0.0984947 1.404147
3 0.04579204  1.0946106 1.404147
4 0.07098347 -0.0816358 1.404147

$Theridiosoma
           x           y         z
1 0.01933144 -0.16081851 0.3285282
2 0.04133976 -0.05682420 0.3285282
3 0.03774656 -0.02035866 0.3285282
4 0.01708569 -0.11805029 0.3285282

$Trachelas
            x           y         z
1 0.077973916 -0.73337058 0.6938016
2 0.099973916 -0.38537058 0.6938016
3 0.064973916  0.07862942 0.6938016
4 0.005207044 -0.54374297 0.6938016

$Uloborus
            x           y         z
1 0.035896159 -0.11749943 0.2834425
2 0.033942100 -0.06246009 0.2834425
3 0.020915038  0.01081713 0.2834425
4 0.007391526 -0.08958294 0.2834425

$Xysticus
           x           y         z
1 0.15327368 -0.96455609 0.9071533
2 0.16425860 -0.15255609 0.9071533
3 0.05800263  0.01965852 0.9071533
4 0.04691618 -0.62107350 0.9071533

